2 0.76328125 0.79921875 0.1203125 0.4015625
0 0.59296875 0.93671875 0.06015625 0.1265625
0 0.68203125 0.3609375 0.0984375 0.52109375
0 0.528125 0.21015625 0.0703125 0.38203125
0 0.4953125 0.2671875 0.08046875 0.33984375
0 0.41953125 0.52109375 0.0703125 0.29140625
0 0.29921875 0.4453125 0.0703125 0.26875
0 0.13125 0.19765625 0.121875 0.35625
0 0.2125 0.42109375 0.08046875 0.38203125
0 0.26171875 0.44140625 0.0625 0.28828125
0 0.37890625 0.2828125 0.06796875 0.26875
0 0.915625 0.56328125 0.11640625 0.2203125