0 1 0.03305785 0.8484848484375 0.1046831953125 0.77548209375 0.1744719921875 0.7176308546875 0.18365472968750002 0.6707988984375 0.23691460000000003 0.661157025 0.2956841125 0.646005509375 0.3489439859375 0.63085399375 0.3893480265625 0.58126721875 0.457300275 0.539944903125 0.48484848437499994 0.4710743796875 0.539944903125 0.4393939390625 0.5674931125 0.41597796249999996 0.6005509640625 0.46280991718750003 0.67401285625 0.5495867765625 0.730945821875 0.5840220375 0.7511478421875 0.6735537203125 0.80073461875 0.768595040625 0.8135904500000001 0.8292011015625 0.8631772265625001 0.9118457296875 0.8631772265625001 0.9696969703124999 0.8595041312499999 1 0.8576675859374999 1 0.7327823703125 1 0.03305785
0 0.390625 0.63671875 0.3642578125 0.6119791671875 0.2998046875 0.6145833328125 0.259765625 0.678385415625 0.267578125 0.77734375 0.2880859375 0.7890625015625 0.37890625 0.79296875 0.396484375 0.7825520828125 0.408203125 0.7356770828125 0.404296875 0.6861979171875 0.390625 0.63671875
0 0.1953125 0.60546875 0.2001953125 0.6171874984375 0.232421875 0.62109375 0.240234375 0.6106770828125 0.2333984375 0.5885416671875 0.2158203125 0.5885416671875 0.1953125 0.60546875
0 0.2451171875 0.578125 0.23828125 0.618489584375 0.267578125 0.6236979171875 0.2734375 0.62109375 0.267578125 0.58984375 0.2607421875 0.5807291671875 0.2451171875 0.578125
0 0.6767578125 0.8958333328125001 0.6220703125 0.8802083328125001 0.61328125 0.8893229171874999 0.615234375 0.90234375 0.603515625 0.9205729171874999 0.60546875 0.94921875 0.6240234375 0.9895833328125001 0.6484375 0.98828125 0.7158203125 0.9791666671874999 0.71484375 0.930989584375 0.7041015625 0.9140625015625 0.6767578125 0.8958333328125001
0 0.8271484375 1 0.904296875 0.9986979171874999 0.8876953125 0.9739583328125001 0.8525390625 0.9635416671874999 0.826171875 0.9700520828125001 0.8271484375 1
0 0.8291015625 0.908854165625 0.822265625 0.92578125 0.826171875 0.9388020828125001 0.84765625 0.944010415625 0.85546875 0.930989584375 0.8515625 0.91796875 0.8427734375 0.908854165625 0.8291015625 0.908854165625
0 0.6220703125 0.8489583328125001 0.638671875 0.852864584375 0.6484375 0.84765625 0.6474609375 0.8255208328125001 0.6171875 0.8294270828125001 0.6220703125 0.8489583328125001
0 0.5673828125 0.7135416671875 0.5537109375 0.7135416671875 0.529296875 0.73828125 0.5400390625 0.7552083328125 0.552734375 0.756510415625 0.5634765625 0.7552083328125 0.57421875 0.740885415625 0.576171875 0.73046875 0.5673828125 0.7135416671875
0 0.58203125 0.740885415625 0.58203125 0.7486979171875 0.5966796875 0.7630208328125 0.615234375 0.76171875 0.62890625 0.7513020828125 0.6201171875 0.7005208328125 0.6025390625 0.7083333328125 0.58203125 0.740885415625
0 0.8095703125 0.7083333328125 0.78125 0.74609375 0.7841796875 0.7552083328125 0.8017578125 0.765625 0.853515625 0.7669270828125 0.87109375 0.73828125 0.869140625 0.7200520828125 0.8486328125 0.7083333328125 0.8095703125 0.7083333328125
0 0.7744140625 0.765625 0.7392578125 0.783854165625 0.734375 0.80859375 0.740234375 0.8294270828125001 0.7470703125 0.8385416671874999 0.763671875 0.83984375 0.8056640625 0.8229166671874999 0.822265625 0.7825520828125 0.8056640625 0.7682291671875 0.7744140625 0.765625
0 0.8427734375 0.796875 0.828125 0.82421875 0.83203125 0.8424479171874999 0.849609375 0.852864584375 0.869140625 0.84765625 0.865234375 0.80078125 0.8564453125 0.7942708328125 0.8427734375 0.796875
0 0.40234375 0.63671875 0.40234375 0.647135415625 0.4130859375 0.6614583328125 0.4267578125 0.6510416671875 0.4345703125 0.6640625015625 0.443359375 0.662760415625 0.44921875 0.63671875 0.4384765625 0.627604165625 0.4150390625 0.625 0.40234375 0.63671875