0 1 0.0012315265625 0.9272875812500001 0.0024630546874999997 0.9060457515625 0.0369458125 0.8880718953125 0.0467980296875 0.8504901953124999 0.093596059375 0.8439542484375 0.1133004921875 0.8235294124999999 0.126847290625 0.8088235296875 0.1834975375 0.7745098046875001 0.2672413796875 0.7181372546875 0.34482758593749996 0.6813725484375001 0.380541871875 0.671568628125 0.42241379375 0.6486928109375001 0.461822659375 0.62581699375 0.5406403937500001 0.616830065625 0.5541871921875 0.580882353125 0.5689655171875 0.57107843125 0.586206896875 0.545751634375 0.59236453125 0.5359477125 0.6145320203125 0.534313725 0.6391625609375 0.5473856203125 0.6662561578124999 0.545751634375 0.705665025 0.5392156859375 0.7105911328125 0.5392156859375 0.7598522171875 0.5473856203125 0.7697044328125 0.5490196078125 0.7105911328125 0.5596405234375 0.7093596062499999 0.5661764703125 0.7266009859375 0.5931372546875 0.7327586203124999 0.596405228125 0.784482759375 0.6045751640625 0.7869458125000001 0.596405228125 0.794334975 0.60866013125 0.795566503125 0.6200980390625 0.825123153125 0.6282679734375 0.79802955625 0.6560457515625 0.795566503125 0.670751634375 0.78325123125 0.6732026140625 0.7894088671875 0.6650326796875 0.794334975 0.6732026140625 0.8041871921875 0.668300653125 0.8288177343750001 0.6919934640625 0.8497536953125 0.721405228125 0.8497536953125 0.741013071875 0.8891625609375 0.7540849671875 0.8817733984375 0.7720588234375 0.891625615625 0.796568628125 0.913793103125 0.7998366015625 0.9261083749999999 0.848856209375 0.9433497531249999 0.85539215625 0.9630541875 0.8684640515625001 0.9384236453125 0.8717320265625 0.9630541875 0.8815359484374999 0.9605911328125 0.9044117640625 0.985221675 0.9419934640625 0.9975369453124999 1 0.9963054187499999 1 0.0012315265625
0 0.4779411765625 0.6502463046875 0.4591503265625 0.708128078125 0.4591503265625 0.7278325125 0.5114379078125 0.7894088671875 0.5375816999999999 0.764778325 0.5392156859375 0.66133005 0.53349673125 0.652709359375 0.4779411765625 0.6502463046875
0 0.5236928109375001 0.7783251234375 0.5245098046875001 0.8017241374999999 0.5310457515625 0.8041871921875 0.5547385625000001 0.79802955625 0.5555555562500001 0.784482759375 0.5498366015625 0.77586206875 0.5236928109375001 0.7783251234375
0 0.5416666671875 0.73891625625 0.542483659375 0.7697044328125 0.5555555562500001 0.7820197046875 0.5669934640625 0.8263546796875 0.580065359375 0.8312807875000001 0.6111111109375 0.8214285718750001 0.58986928125 0.735221675 0.5694444437499999 0.7266009859375 0.5416666671875 0.73891625625
0 0.32271241875 0.7807881765625 0.2883986921875 0.7807881765625 0.276143790625 0.7967980296875 0.2802287578125 0.8300492609375001 0.32107843125 0.8448275859375001 0.34640522812499996 0.843596059375 0.3692810453125 0.8386699500000001 0.3709150328125 0.8140394093750001 0.35702614375 0.79802955625 0.32271241875 0.7807881765625
0 0.366830065625 0.7364532015624999 0.3545751640625 0.7623152703125 0.35620915000000003 0.77955665 0.3684640515625 0.79802955625 0.385620915625 0.7967980296875 0.40359477187500004 0.784482759375 0.4068627453125 0.7524630546875 0.39297385625 0.73891625625 0.366830065625 0.7364532015624999
0 0.42973856250000003 0.865763546875 0.4852941171875 0.8830049265625 0.5065359484374999 0.858374384375 0.5049019609375 0.8312807875000001 0.4517973859375 0.8078817734375001 0.42973856250000003 0.865763546875
0 0.2026143796875 0.7524630546875 0.2026143796875 0.7697044328125 0.21486928125000002 0.7857142859375 0.25326797343749996 0.791871921875 0.258169934375 0.7746305421875 0.2540849671875 0.74630541875 0.23611111093749998 0.7413793109375 0.2026143796875 0.7524630546875
0 0.2205882359375 0.735221675 0.224673203125 0.7438423640625 0.2614379078125 0.75 0.26797385625 0.7401477828125 0.2638888890625 0.71674876875 0.23611111093749998 0.7192118234375 0.2205882359375 0.735221675
0 0.259803921875 0.7598522171875 0.2638888890625 0.77586206875 0.3071895421875 0.7770935953125 0.310457515625 0.7573891625 0.29983660156249997 0.73891625625 0.2671568625 0.7487684734375 0.259803921875 0.7598522171875
0 0.133986928125 0.7598522171875 0.133986928125 0.7770935953125 0.14133986875 0.78325123125 0.18954248437500001 0.784482759375 0.19771241875 0.77955665 0.1993464046875 0.764778325 0.1838235296875 0.73891625625 0.133986928125 0.7598522171875
0 0.3267973859375 0.7105911328125 0.329248365625 0.7216748765625 0.37745097968749997 0.7253694578125 0.3921568625 0.7105911328125 0.3700980390625 0.69458128125 0.3439542484375 0.697044334375 0.3267973859375 0.7105911328125
0 0.784313725 0.5751231531250001 0.784313725 0.5307881765625 0.7655228765625 0.5123152703125 0.7426470593750001 0.5123152703125 0.740196078125 0.5751231531250001 0.7712418296875 0.619458128125 0.776960784375 0.608374384375 0.7883986921874999 0.6108374390625 0.792483659375 0.5997536953125 0.784313725 0.5751231531250001
0 0.8439542484375 0.6625615765624999 0.8194444437499999 0.6477832515624999 0.795751634375 0.663793103125 0.794934640625 0.6921182265625 0.7712418296875 0.700738915625 0.778594771875 0.73152709375 0.810457515625 0.7401477828125 0.8202614374999999 0.7278325125 0.8218954249999999 0.7105911328125 0.848039215625 0.676108375 0.8439542484375 0.6625615765624999
0 0.83986928125 0.8337438421875 0.8047385625000001 0.817733990625 0.7720588234375 0.82758620625 0.7614379078125 0.8460591140625 0.76633986875 0.8485221671875 0.7630718953125 0.880541871875 0.777777778125 0.8903940890625 0.8178104578125 0.8793103453125 0.840686275 0.862068965625 0.8447712421875 0.850985221875 0.83986928125 0.8337438421875
0 0.670751634375 0.67980295625 0.66013071875 0.6958128078125 0.6552287578125 0.7475369453125 0.6666666671875 0.75 0.67892156875 0.7487684734375 0.69607843125 0.715517240625 0.7001633984375 0.6699507390624999 0.670751634375 0.67980295625
0 0.6576797390625 0.645320196875 0.6454248359375 0.656403940625 0.6503267968750001 0.6908867 0.65849673125 0.700738915625 0.669117646875 0.6822660093749999 0.6944444437499999 0.6711822656249999 0.688725490625 0.6477832515624999 0.6576797390625 0.645320196875
0 0.41094771249999995 0.7635467984375001 0.4052287578125 0.791871921875 0.42973856250000003 0.8017241374999999 0.46650326875000003 0.795566503125 0.4689542484375 0.7869458125000001 0.4517973859375 0.7733990140625 0.41094771249999995 0.7635467984375001
0 0.3709150328125 0.8214285718750001 0.3733660125 0.8497536953125 0.41013071874999996 0.858374384375 0.41339869218749997 0.836206896875 0.4044117640625 0.817733990625 0.3766339875 0.81280788125 0.3709150328125 0.8214285718750001
0 0.3864379078125 0.6822660093749999 0.3807189546875 0.6958128078125 0.39379084999999997 0.708128078125 0.41094771249999995 0.70197044375 0.419934640625 0.6810344828125 0.40114379062500005 0.6748768468749999 0.3864379078125 0.6822660093749999
0 0.3962418296875 0.7093596062499999 0.3905228765625 0.7327586203124999 0.41830065312500003 0.7549261078125 0.428104575 0.7475369453125 0.43137254843750006 0.7229064046875 0.4142156859375 0.7068965515625 0.3962418296875 0.7093596062499999
0 0.44444444375 0.649014778125 0.44362745156249994 0.6280788171875 0.43137254843750006 0.6366995078125 0.43055555625 0.6477832515624999 0.44444444375 0.649014778125
0 0.4142156859375 0.630541871875 0.43137254843750006 0.6317733984375 0.43464052343750004 0.6243842359375 0.42565359531249997 0.6108374390625 0.41339869218749997 0.6219211828125 0.4142156859375 0.630541871875
0 0.491830065625 0.6317733984375 0.4844771234375 0.615763546875 0.47222222187499996 0.6219211828125 0.47630718906249997 0.6330049265625 0.491830065625 0.6317733984375